[DASH_CAM]
POS=0.35,1.11691,0.28426
EXP=26
