[DASH_CAM]
POS=0.453351,1.05478,0.238495
EXP=36
