[SETTINGS]
WIDTH=1.00065541267395
LENGTH=2.5012845993042